sample_id,plan
pie_p03146_s047505757,"Bottleneck: The use of a vector with a large size (147483647) to store visited numbers is inefficient due to its fixed size and potential sparse usage.
Strategy: Use a hash set to dynamically track visited numbers, which provides average O(1) time complexity for insertions and lookups.
Steps:
  1) Replace `std::vector<int> num(p, 0);` with `std::unordered_set<int> visited;`.
  2) Remove the initialization of `num` since it's no longer needed.
  3) Replace `if (num[a_now] == 1) break;` with `if (visited.count(a_now)) break;`.
Traps: Ensure that the hash set does not cause memory issues due to its dynamic nature, especially if the number of unique elements grows significantly."
pie_p00465_s878145104,"Bottleneck: The use of `std::list` for storing nodes in the priority queue is causing frequent insertions and deletions, leading to high overhead due to dynamic memory allocation and deallocation.
Strategy: Replace `std::list` with a fixed-size array to reduce the overhead of dynamic memory management.
Steps:
  1) Define a constant for the maximum number of nodes that can be stored in the array.
  2) Replace `std::list<P>` with a fixed-size array of pairs.
  3) Implement custom functions for pushing and popping elements from the array.
Traps: Ensure that the fixed-size array does not overflow during execution."
pie_p01429_s020020909,"Bottleneck: The nested loops in the dynamic programming table update process are causing the high runtime.
Strategy: Optimize the dynamic programming approach by using prefix sums and a more efficient way to calculate the repulsive forces.
Steps:
  1) Calculate the prefix sums of the musical beauty array `S` to quickly compute the sum of any subarray.
  2) Use a single pass through the sorted pitches array `K` to fill the DP table, avoiding redundant calculations.
  3) Instead of updating the DP table for each pair of adjacent notes individually, maintain a running minimum of the repulsive forces encountered so far.
Traps: Ensure that the updated DP values still reflect the minimum repulsive force for each state transition, and that the final answer is correctly computed after processing all notes."
pie_p02630_s465280605,"Bottleneck: The nested loops in the replacement process are causing the high runtime.
Strategy: Use a hash map to keep track of the frequency of each element and update the sum efficiently.
Steps:
  1) Replace the array `a` with a vector for easier manipulation.
  2) Create a hash map `mp` to store the frequency of each element in the array.
  3) Iterate through the array once to populate the hash map and calculate the initial sum.
  4) For each operation, update the hash map and the sum in constant time.
Traps: Ensure that the hash map keys are unique and that the sum is updated correctly after each operation."
pie_p02892_s126371943,"Bottleneck: The nested loops and BFS operations within the main loop result in high computational overhead due to repeated calculations and redundant checks.
Strategy: Implement a more efficient approach using dynamic programming to avoid recalculating results for subproblems.
Steps:
  1) Define a DP table where dp[i][j] represents the minimum number of sets required to partition the graph up to vertex i with the last set containing vertex j.
  2) Initialize the DP table based on the initial conditions and iterate through each vertex to update the table according to the rules.
  3) Extract the maximum number of sets from the DP table after processing all vertices.
Traps: Ensure that the DP transitions correctly handle the adjacency relationships and the requirement for consecutive sets."
pie_p03914_s893506098,"Bottleneck: The nested loops in the dynamic programming approach result in a time complexity of O(N^3), which is too slow for the given constraints.
Strategy: Implement a more efficient dynamic programming solution using memoization to avoid redundant calculations.
Steps:
  1) Define a recursive function `count_sequences` that takes the current day, current town, and the remaining towns as parameters.
  2) Use memoization to store the results of subproblems to avoid recalculating them.
  3) Initialize the base case where the last town is reached.
Traps: Ensure that the memoization table is properly initialized and updated to handle all possible states."
pie_p03161_s054675932,"Bottleneck: The recursive function `solve` with memoization has a time complexity of O(N * K^2) due to repeated calculations for the same states.
Strategy: Convert the recursive approach to an iterative dynamic programming solution using a sliding window technique to reduce the time complexity to O(N * K).
Steps:
  1) Initialize a 1D DP array `dp` of size N to store the minimum cost to reach each stone.
  2) Iterate through each stone `i` from 0 to N-1.
  3) For each stone `i`, iterate through each possible jump length `j` from 1 to K.
  4) Update the DP value for stone `i+j` by considering the cost of jumping from stone `i`.
Traps: Ensure that the boundary conditions are handled correctly, especially when calculating the cost of jumps."
pie_p03169_s960308819,"Bottleneck: The recursive function `w` is called multiple times with the same parameters, leading to redundant calculations.
Strategy: Memoize the results of the recursive function to avoid repeated computations.
Steps:
  1) Replace the global `dp` array with a local `std::array<std::array<std::array<double, 301>, 301>, 301>` to store intermediate results.
  2) Modify the `w` function to check if the result for the current state is already computed and return it if so.
  3) Initialize the memoization table with `-1` to indicate uncomputed states.
Traps: Ensure that the memoization table size is large enough to accommodate the maximum possible values of `i`, `j`, and `k`."
pie_p03766_s208657807,"Bottleneck: The nested loops in the `main` function are causing the high runtime due to repeated queries and modifications to the segment tree.
Strategy: Optimize the use of the segment tree by reducing redundant operations and using more efficient data structures.
Steps:
  1) Replace the segment tree with a more efficient data structure like a Fenwick Tree (Binary Indexed Tree) to reduce the time complexity of range updates and point queries.
  2) Implement lazy propagation in the Fenwick Tree to further optimize range updates.
  3) Refactor the `main` function to minimize redundant calculations and ensure efficient use of the Fenwick Tree.
Traps: Ensure that the Fenwick Tree implementation correctly handles the modulo operation and that the lazy propagation logic is implemented correctly to avoid incorrect results."
pie_p01324_s953390691,"Bottleneck: The DFS traversal within the main loop is inefficient due to repeated calculations and lack of memoization.
Strategy: Implement memoization to store results of previously computed unit relationships and avoid redundant calculations.
Steps:
  1) Introduce a memoization table to store the results of DFS traversals.
  2) Modify the DFS function to check if the result for a particular unit relationship has already been computed and return the stored result if available.
  3) Ensure that the memoization table is cleared between test cases to avoid interference.
Traps: None"
pie_p03730_s590400302,"Bottleneck: The loop runs up to 100 million iterations, which is unnecessary and inefficient.
Strategy: Determine the smallest multiple of A that satisfies the condition (c ≡ a * i (mod b)) directly instead of iterating through all possible values.
Steps:
  1) Calculate the modular inverse of A modulo B using the Extended Euclidean Algorithm.
  2) Compute the smallest i such that (i * A) % B == c using the modular inverse.
  3) Check if such an i exists and is non-negative.
Traps: Ensure that the modular inverse exists (i.e., gcd(A, B) == 1), and handle edge cases where A or B is zero."
pie_p02714_s868124332,"Bottleneck: The nested loops and use of `lower_bound` inside the permutations cause high computational overhead.
Strategy: Precompute the valid indices for each color and use a more efficient approach to count valid triples.
Steps:
  1) Create three vectors to store the indices of 'R', 'G', and 'B' characters in the input string.
  2) For each permutation of colors ('RGB'), iterate through the indices of the first color and find the next valid index for the second color using binary search.
  3) Calculate the number of valid indices for the third color based on the difference between the indices of the first two colors.
Traps: Ensure that the logic correctly handles the constraints and edge cases, such as when there are fewer than three occurrences of any color."
pie_p04034_s126189583,"Bottleneck: The nested loops iterating over the operations and updating the state of the boxes result in a time complexity of O(M * N).
Strategy: To reduce the time complexity, we can use a more efficient data structure to keep track of which boxes may contain the red ball.
Steps:
  1) Replace the `ok` boolean array with a set to store the indices of boxes that may contain the red ball.
  2) When an operation occurs, update the set based on whether the red ball is moved or stays in its original box.
  3) After processing all operations, the size of the set will give the number of boxes that may contain the red ball.
Traps: Ensure that the set operations (insertion and deletion) are efficient and do not introduce additional overhead."
pie_p01767_s551796497,"Bottleneck: The `upper_bound` function inside the inner loop is called multiple times, leading to repeated logarithmic searches within the sorted array `A`.
Strategy: Replace the use of `upper_bound` with a binary search implementation to avoid repeatedly calling the standard library function.
Steps:
  1) Define a custom binary search function that takes the sorted array `A`, the target value `b[j]`, and returns the index where `b[j]` should be inserted to maintain sorted order.
  2) Replace the call to `upper_bound` with the custom binary search function.
  3) Ensure that the binary search function correctly handles edge cases such as when `b[j]` is less than the smallest element in `A` or greater than the largest element in `A`.
Traps: None"
pie_p03275_s623136798,"Bottleneck: The `sort` operation inside the `check` function dominates the runtime due to its O(N log N) complexity.
Strategy: Replace the sort-based approach with a more efficient method to find the median of a subarray.
Steps:
  1) Implement a Fenwick Tree (Binary Indexed Tree) to efficiently count elements less than or equal to a given value.
  2) Maintain two Fenwick Trees: one for counting elements less than or equal to the current element and another for counting elements greater than the current element.
  3) Iterate through the array and use the Fenwick Trees to calculate the number of elements less than or equal to the current element and the number of elements greater than the current element.
Traps: Ensure that the Fenwick Trees are updated correctly and that the logic for calculating the median remains consistent with the original approach."
pie_p01680_s588278972,"Bottleneck: The `sol` function contains nested loops and recursive calls, leading to high computational overhead.
Strategy: Implement a more efficient data structure and algorithm to reduce the time complexity.
Steps:
  1) Replace the array-based union-find data structure with a balanced tree (e.g., AVL tree or Red-Black tree) to achieve logarithmic time complexity for union and find operations.
  2) Use a hash map to store the indices of attributes, allowing constant-time lookups and updates.
  3) Optimize the merging process by using path compression and union by rank to minimize the depth of the trees.
Traps: Ensure that the new data structures and algorithms maintain the same correctness guarantees as the original implementation."
pie_p00774_s295712597,"Bottleneck: The nested loops in `main` function repeatedly scanning the entire board for deletions and drops, leading to quadratic complexity.
Strategy: Implement a more efficient approach using a union-find data structure to manage connected components of stones and their deletions, followed by a single pass to handle gravity.
Steps:
  1) Replace the 2D array `m` with a flattened array and use a union-find data structure to keep track of connected components of stones.
  2) Iterate through the board once to identify and mark all stones that need to be deleted based on the union-find structure.
  3) Perform a single pass to apply gravity, moving stones downwards only once.
Traps: Ensure that the union-find operations are optimized (e.g., path compression and union by rank) to maintain nearly constant-time complexity. Be cautious with off-by-one errors when updating the board indices."
pie_p03091_s244576105,"Bottleneck: The recursive function `rec` is called multiple times with overlapping subproblems, leading to redundant computations.
Strategy: Convert the recursive approach into an iterative one using dynamic programming to avoid redundant calculations.
Steps:
  1) Replace the recursive function `rec` with an iterative function that uses a stack to manage the search state.
  2) Use a memoization table to store the results of subproblems to avoid recomputation.
  3) Ensure that the iterative approach correctly handles all base cases and transitions.
Traps: None"
pie_p00742_s548955629,"Bottleneck: The recursive function `func` is called recursively up to 10^n times, leading to high overhead due to function calls and stack operations.
Strategy: Implement a backtracking algorithm with memoization to avoid redundant calculations.
Steps:
  1) Introduce a memoization table to store results of subproblems based on the current state of the assignment.
  2) Modify the `func` function to check if the result for the current state is already computed and return it if so.
  3) Ensure that the memoization table is properly initialized and updated during the execution of the algorithm.
Traps: None"
pie_p02695_s405258011,"Bottleneck: The nested loops iterating through all possible sequences of length N within the range [1, M] and checking each sequence against the Q conditions result in a time complexity of O(M^N * Q), which is impractical for the given constraints.
Strategy: To optimize the solution, we can use dynamic programming to avoid redundant calculations and reduce the time complexity to O(N * M * Q).
Steps:
  1) Create a 2D DP table `dp` where `dp[i][j]` represents the maximum score achievable with the first `i` elements of the sequence and a difference of `j`.
  2) Initialize the DP table with zeros.
  3) Iterate through each condition `(a, b, c, d)` and update the DP table accordingly.
  4) For each condition, iterate through the possible values of `A[a-1]` and `A[b-1]`, and update the DP table based on whether the difference between `A[b-1]` and `A[a-1]` equals `c`.
  5) After processing all conditions, the maximum value in the DP table will represent the maximum possible score.
Traps: Ensure that the DP table is properly initialized and updated to avoid off-by-one errors. Also, make sure to handle the constraints correctly when updating the DP table."
pie_p03704_s809949068,"Bottleneck: The nested loops in the `dfs` function are causing excessive computation, especially with large values of `D`.
Strategy: Implement a more efficient approach using dynamic programming to avoid redundant calculations.
Steps:
  1) Define a DP table where `dp[i][j]` represents the number of valid numbers of length `i` ending with digit `j`.
  2) Initialize the base cases for single-digit numbers.
  3) Fill the DP table iteratively, considering the possible digits that can follow each digit.
  4) Sum up the results for all valid lengths and ending digits to get the final count.
Traps: Ensure that the DP table is initialized correctly and that the transitions between states are handled properly to avoid off-by-one errors."
pie_p03649_s268115538,"Bottleneck: The nested loops in the main function are causing the program to run slowly. Specifically, the inner loop iterates over the array multiple times unnecessarily.
Strategy: Reduce the number of iterations by only processing the array once per operation and updating the values accordingly.
Steps:
  1) Remove the outer loop that runs 625000 times.
  2) Calculate the difference between the maximum element and (n-1).
  3) Update the total number of operations based on the difference.
Traps: Ensure that the updated values of the array do not exceed the constraints and that the final count of operations is accurate."
pie_p01908_s106303000,"Bottleneck: The nested loops iterating over possible substrings and checking against the set `a` are causing the high runtime.
Strategy: Use a Trie data structure to efficiently check if a substring exists in any of the dangerous passwords.
Steps:
  1) Define a Trie node class with pointers to child nodes and a boolean flag to indicate if a word ends at this node.
  2) Insert all substrings of the dangerous passwords into the Trie.
  3) Iterate through all possible single-character strings and use the Trie to check if they exist in any of the dangerous passwords. If not, output the string and exit.
Traps: Ensure that the Trie implementation is efficient and does not introduce additional overhead. Be cautious when inserting substrings to avoid duplicates."
pie_p02274_s021946467,"Bottleneck: The nested loops in the bubble sort-like logic within the `main` function are causing the high runtime due to their quadratic complexity.
Strategy: Implement a more efficient sorting algorithm with a better average-case complexity, such as merge sort or quicksort, to reduce the overall time complexity.
Steps:
  1) Replace the existing bubble sort-like logic with a merge sort implementation.
  2) Modify the merge sort to count inversions during the merging process.
  3) Ensure that the modified merge sort maintains the original order of equal elements to preserve correctness.
Traps: None"
pie_p00992_s307173529,"Bottleneck: The `sum` function using a Fenwick Tree (binary indexed tree) is called frequently, which results in a high number of operations due to its logarithmic complexity.
Strategy: Replace the Fenwick Tree with a prefix sum array to achieve constant-time range sum queries.
Steps:
  1) Remove the Fenwick Tree implementation (`dat`, `add`, `sum` functions).
  2) Create a prefix sum array to store the cumulative sums of health levels.
  3) Update the prefix sum array when adding or removing health levels.
Traps: Ensure that the prefix sum array is updated correctly and efficiently to maintain the same functionality as the original Fenwick Tree."
pie_p00262_s107277873,"Bottleneck: The nested loops and repeated checks within the `check` function and the outer loop in `main` are causing significant overhead due to their quadratic complexity.
Strategy: Optimize the `check` function to run in linear time and reduce the number of iterations in the outer loop.
Steps:
  1) Replace the `check` function with a linear-time solution that iterates through the deque once.
  2) Implement a more efficient way to simulate the block movement and checking process without using nested loops excessively.
  3) Use a different data structure or algorithm to minimize redundant calculations and improve cache locality.
Traps: Ensure that the optimized solution still correctly identifies when the blocks can form a triangle and does not introduce any unintended side effects."
pie_p03611_s671688229,"Bottleneck: The nested loops and map operations are causing the program to run slowly due to their high time complexity.
Strategy: Use a single pass through the array to calculate the maximum frequency of elements after performing the allowed operations.
Steps:
  1) Initialize a vector `freq` of size 2 * 10^5 + 1 with all elements set to 0.
  2) Iterate through the input array and update the frequencies of `a[i]`, `a[i] - 1`, and `a[i] + 1` in the `freq` vector.
  3) Find the maximum value in the `freq` vector, which represents the maximum possible count.
Traps: None"
pie_p00620_s095695388,"Bottleneck: The recursive backtracking approach is inefficient due to its exponential time complexity and repeated calculations.
Strategy: Implement a dynamic programming solution to avoid redundant calculations and reduce the time complexity.
Steps:
  1) Create a DP table where dp[x][y][sum] represents whether there exists a valid path starting from (x, y) with the remaining sum equal to 'sum'.
  2) Initialize the DP table based on the starting points and their respective sums.
  3) Fill the DP table using a bottom-up approach, considering all possible directions (up, down, left, right).
  4) Check if there exists a valid path for each starting point and determine if the entire puzzle can be solved.
Traps: Ensure that the DP table is properly initialized and updated to avoid incorrect results. Handle edge cases such as when there are no starting points or when the puzzle size is too large."
pie_p02318_s259001950,"Bottleneck: The recursive implementation with memoization is inefficient due to repeated calculations and high overhead.
Strategy: Convert the recursive approach to an iterative dynamic programming solution using a 2D array to store intermediate results.
Steps:
  1) Replace the `ld` function with an iterative function `iterative_ld`.
  2) Initialize a 2D vector `dp` of size `(s.size() + 1) x (t.size() + 1)` to store the edit distances.
  3) Fill the `dp` table iteratively based on the recurrence relation used in the original recursive function.
Traps: Ensure that the base cases and transitions are correctly implemented to avoid incorrect results."
pie_p02243_s539032604,"Bottleneck: The use of `std::priority_queue` with custom comparator inside the Dijkstra's algorithm is causing frequent reheapification operations, which is costly.
Strategy: Replace `std::priority_queue` with a custom binary heap implementation to reduce the overhead of heap operations.
Steps:
  1) Define a custom binary heap class that supports push, pop, and top operations efficiently.
  2) Implement the Dijkstra's algorithm using this custom binary heap instead of `std::priority_queue`.
  3) Ensure that the custom binary heap maintains the heap property correctly during insertions and deletions.
Traps: None"
pie_p01868_s176032560,"Bottleneck: The nested loops iterating over `dp` arrays consume significant time due to their large size and repeated access patterns.
Strategy: Implement a more efficient approach using a priority queue to manage the scanning tasks among the three scanners.
Steps:
  1) Replace the `dp` array with a priority queue to keep track of the next task each scanner should perform.
  2) Initialize the priority queue with the first task for each scanner.
  3) Simulate the scanning process by repeatedly selecting the scanner with the smallest remaining task time, updating its state, and adding new tasks to the queue until all tasks are completed.
Traps: Ensure that the priority queue correctly handles ties between scanners and maintains the correct order of tasks."
pie_p02792_s854842511,"Bottleneck: The nested loops iterating over all pairs (i, j) up to N, which results in O(N^2) complexity.
Strategy: Use prefix sums to count valid pairs efficiently.
Steps:
  1) Create two arrays, `first_digit_count` and `last_digit_count`, each of size 10, to store the frequency of numbers starting with and ending with each digit from 0 to 9.
  2) Iterate through all numbers from 1 to N, updating the `first_digit_count` array with the frequency of the first digit and the `last_digit_count` array with the frequency of the last digit.
  3) Calculate the number of valid pairs by iterating through the `first_digit_count` array and multiplying the count of numbers starting with each digit by the count of numbers ending with the same digit.
Traps: Ensure that the counts are updated correctly and that the final result is computed accurately."
pie_p00831_s730074781,"Bottleneck: The recursive function `check` is called multiple times with overlapping subproblems, leading to exponential time complexity.
Strategy: Implement dynamic programming to store results of subproblems and avoid redundant calculations.
Steps:
  1) Create a 2D vector `dp` where `dp[i][j]` represents the minimum edit distance between `str[i]` and `str[j]`.
  2) Initialize the base cases for empty strings and single-character differences.
  3) Fill the `dp` table using the standard edit distance algorithm.
Traps: Ensure that the dynamic programming approach correctly handles all possible transitions (insertion, deletion, substitution, and transposition)."
pie_p03613_s690599050,"Bottleneck: The nested loops and conditional checks within the main loop are causing high computational overhead due to repeated access and modification of the map.
Strategy: Optimize the approach by using a more efficient data structure and reducing redundant calculations.
Steps:
  1) Replace the map with a vector of counters to keep track of the frequency of each value in the array.
  2) Iterate through the array once to populate the vector of counters.
  3) Calculate the maximum count by considering the sum of frequencies of consecutive values.
Traps: Ensure that the range of values (0 to 10^5) fits within the capacity of the vector without overflow."
pie_p03796_s529484435,"Bottleneck: The inner loop where `p` is updated and checked against `b + 7` is inefficient due to repeated multiplications and modulus operations.
Strategy: Use modular arithmetic properties to avoid large intermediate values and reduce the number of operations.
Steps:
  1) Calculate `b = 10^9 + 7`.
  2) Initialize `p` to 1.
  3) For each `i` from 1 to `N`, update `p` using `(p * i) % b` to keep `p` within bounds and avoid overflow.
Traps: Ensure that the multiplication and modulus operations are performed correctly to maintain the integrity of the result."
pie_p01338_s543979202,"Bottleneck: The nested loops iterating over `prev` map during each iteration of the outer loops result in quadratic complexity due to the repeated access and updates to the map.
Strategy: Replace the map with a more efficient data structure that allows for faster lookups and updates, such as a hash table or unordered_map.
Steps:
  1) Change the declaration of `prev` from `map<NODE, int>` to `unordered_map<NODE, int>`.
  2) Update the code to use the new `unordered_map` instead of `map` for storing and accessing elements.
  3) Ensure that the hash function for `NODE` is properly defined to avoid collisions and ensure fast lookups.
Traps: None"
pie_p00056_s840835529,"Bottleneck: The nested loops for checking prime numbers and updating the DP table are inefficient, leading to a quadratic time complexity.
Strategy: Optimize the prime-checking process using a sieve method and reduce redundant computations in the DP table update.
Steps:
  1) Implement a more efficient prime-checking function using the Sieve of Eratosthenes.
  2) Use a boolean array to mark non-prime numbers instead of recalculating primality for each number.
  3) Update the DP table only when necessary, avoiding unnecessary iterations.
Traps: Ensure that the prime-checking function correctly identifies primes and that the DP table updates do not introduce errors."
pie_p00514_s930952621,"Bottleneck: The nested loops for calculating factorials and combinations are inefficient due to repeated calculations and large intermediate values.
Strategy: Implement memoization to store previously calculated factorial values and use dynamic programming to efficiently compute combinations.
Steps:
  1) Create a memoized array to store factorial values up to the maximum possible value.
  2) Use dynamic programming to calculate combinations using the memoized factorial values.
  3) Adjust the main logic to utilize the precomputed combinations.
Traps: Ensure that the memoized array size is sufficient to handle the maximum possible values without overflow."
pie_p00030_s870509314,"Bottleneck: The recursive function `sp` has exponential complexity due to repeated calculations and redundant state checks.
Strategy: Implement memoization to store results of subproblems and avoid recalculating them.
Steps:
  1) Add a memoization table to store the number of ways to achieve a specific sum with a certain number of elements.
  2) Modify the `sp` function to check if the result for the current state is already computed before performing further calculations.
  3) Initialize the memoization table with appropriate base cases.
Traps: Ensure that the memoization table is large enough to accommodate all possible states without causing overflow. Also, make sure that the base cases are correctly handled to prevent incorrect results."
pie_p02094_s521795241,"Bottleneck: The nested loops over the adjacency sets `a` and `b` contribute significantly to the runtime due to their quadratic nature.
Strategy: Implement a more efficient way to calculate the number of connected components after removing vertices.
Steps:
  1) Convert the adjacency sets `a` and `b` into adjacency lists for better access patterns.
  2) Use a union-find data structure to efficiently manage and merge connected components.
  3) Iterate through the vertices and simulate the removal process using the union-find structure to count the connected components.
Traps: Ensure that the union-find operations are optimized with path compression and union by rank to maintain nearly constant-time complexity."
pie_p03506_s329900608,"Bottleneck: The nested loops in the main function are causing the program to run slowly. Specifically, the inner while loop iterates multiple times for each query, leading to quadratic time complexity.
Strategy: To optimize the program, we can use a mathematical approach to directly calculate the lowest common ancestor (LCA) without iterating through the tree. This will reduce the time complexity to linear.
Steps:
  1) Calculate the depth of each node using the formula `depth = log_base_N(index)`.
  2) If the depths of `v` and `w` are different, make them equal by moving the deeper node up to the same level as the shallower node.
  3) Once the nodes are at the same level, move them up together until they meet at their LCA.
Traps: Ensure that the calculations handle large numbers correctly and that the input constraints are respected."
pie_p00277_s980115561,"Bottleneck: The use of `std::priority_queue` inside the loop results in frequent reordering of elements, which is costly due to the logarithmic complexity of each insertion and extraction operation.
Strategy: Replace `std::priority_queue` with a balanced binary search tree like `std::set` to maintain the order of elements efficiently.
Steps:
  1) Include `<set>` instead of `<queue>`.
  2) Change the type of `q` to `std::set<std::pair<long long, long long>>`, where the first element is the score and the second is the team ID.
  3) Modify the comparison function to sort by score in descending order and by team ID in ascending order.
Traps: Ensure that the team IDs are unique and that the set operations are performed correctly within the loop."
pie_p03536_s850920816,"Bottleneck: The nested loops in the dynamic programming solution result in O(n^2) complexity, which is too slow for large inputs.
Strategy: Use a greedy approach to always select the participant with the smallest possible height that can still add zabuton to the stack.
Steps:
  1) Sort participants by their height in ascending order.
  2) Initialize a variable to keep track of the current height of the stack.
  3) Iterate through the sorted list of participants and increment the stack height by the participant's power if the current height plus the participant's height is less than or equal to the participant's height.
Traps: Ensure that the sorting does not change the relative order of participants with the same height."
pie_p00773_s683900927,"Bottleneck: The nested loops iterating over all possible combinations of `i` and `j` up to 1000 each, resulting in O(1000^2) iterations.
Strategy: Use dynamic programming to avoid redundant calculations and reduce the time complexity.
Steps:
  1) Create a 2D array `dp` where `dp[i][j]` represents the maximum possible after-tax price for items with before-tax prices `i` and `j`.
  2) Initialize the `dp` array with zeros.
  3) Iterate through all possible combinations of `i` and `j`, updating the `dp` array based on the given VAT calculation rules.
Traps: Ensure that the rounding logic is correctly implemented to match the original behavior."
pie_p03313_s683246169,"Bottleneck: The nested loops iterating over all pairs (i, j) and updating the `Max` array result in a time complexity of O(n^2 log n).
Strategy: Use dynamic programming to precompute the maximum sums efficiently.
Steps:
  1) Create a DP table `dp` where `dp[k][i]` represents the maximum sum for subsequence lengths up to `k` with the last element being at index `i`.
  2) Iterate through each bit position `j` from 0 to n-1 and update the DP table based on the previous state.
  3) For each `K`, find the maximum sum using the precomputed DP table.
Traps: Ensure that the DP table is updated correctly and that the final results are computed accurately for each `K`."
pie_p00651_s130143309,"Bottleneck: The nested loops in the `main` function, specifically the inner loop where `rot_seta` is called for each vertex, contribute significantly to the runtime due to their quadratic complexity.
Strategy: Replace the nested loops with a more efficient approach using geometric properties and precomputed values.
Steps:
  1) Introduce a data structure to store precomputed angles between vertices and the center of the sphere.
  2) Modify the `rot_seta` function to use these precomputed angles instead of recalculating them for each iteration.
  3) Update the main loop to iterate through the precomputed angles and apply the rotations accordingly.
Traps: Ensure that the precomputed angles are accurate and handle edge cases such as when the plate touches the circle at multiple points simultaneously."
pie_p00596_s990427234,"Bottleneck: The DFS implementation has high overhead due to recursive function calls and repeated checks.
Strategy: Convert the DFS approach to an iterative one using a stack to reduce the overhead of recursion and improve cache locality.
Steps:
  1) Replace the `dfs` function with an iterative version using a stack.
  2) Maintain a stack of nodes to explore and a visited array to keep track of visited nodes.
  3) Iterate through the stack, exploring neighbors and updating the visited status accordingly.
Traps: Ensure that the iterative approach correctly handles all edge cases and maintains the same logic as the original DFS implementation."
pie_p02865_s978972603,"Bottleneck: The nested loops in the original code result in an O(N^2) complexity, which is too slow for large values of N up to 10^6.
Strategy: Use a mathematical formula to directly calculate the number of ways to choose two distinct positive integers totaling N without iterating through all possible pairs.
Steps:
  1) Calculate the maximum value of the smaller integer, which is floor((N-1)/2).
  2) The number of valid pairs is equal to the maximum value of the smaller integer.
Traps: None"
pie_p03037_s370690865,"Bottleneck: The nested loops and conditional checks within the main function are causing the program to run slowly.
Strategy: Optimize the logic to avoid unnecessary comparisons and reduce the number of iterations.
Steps:
  1) Read all input values into arrays for efficient access.
  2) Sort the intervals based on their starting points.
  3) Iterate through the sorted intervals and merge overlapping ones.
  4) Calculate the length of the merged interval that covers all gates.
Traps: Ensure that the merging logic correctly handles edge cases where intervals overlap at the boundaries."
pie_p00556_s032657800,"Bottleneck: The nested loops in the dynamic programming solution result in a time complexity of O(2^M * M * N), which is too high given the constraints.
Strategy: Optimize the dynamic programming approach by using a more efficient way to calculate the minimum number of plush toys to remove.
Steps:
  1) Replace the nested loops with a single pass through the array to calculate the prefix sums for each type of plush toy.
  2) Use a bitset to keep track of the states of the plush toys that have been processed.
  3) Update the DP table based on the prefix sums and the current state of the plush toys.
Traps: Ensure that the bitset operations are performed efficiently and that the DP table is updated correctly to avoid incorrect results."
pie_p03180_s740247295,"Bottleneck: The recursive function `solve` is called multiple times with the same parameters, leading to redundant computations.
Strategy: Memoize the results of the recursive function to avoid repeated calculations.
Steps:
  1) Add a memoization table to store the results of the recursive function.
  2) Modify the `solve` function to check if the result for the current parameters is already computed before performing the calculation.
  3) Update the base case and recursive calls accordingly.
Traps: Ensure that the memoization table is properly initialized and that the base case is correctly handled."
pie_p00431_s229448779,"Bottleneck: The recursive function `solve` is called repeatedly for each node, leading to redundant calculations and high overhead due to stack operations.
Strategy: Convert the recursive solution into an iterative one using Depth-First Search (DFS) with memoization to avoid redundant calculations.
Steps:
  1) Introduce a memoization table to store the results of subproblems.
  2) Replace the recursive calls with DFS traversal, updating the memoization table as needed.
  3) Ensure that the memoization table is properly initialized and updated during the DFS traversal.
Traps: None"
pie_p03601_s584146760,"Bottleneck: The nested loops iterating over all possible combinations of water and sugar amounts result in a time complexity of O(n^3), which is too slow for the given constraints.
Strategy: Implement a dynamic programming approach to optimize the solution by reducing the number of redundant calculations.
Steps:
  1) Create a 2D DP table where dp[i][j] represents the maximum density achievable with i grams of water and j grams of sugar.
  2) Iterate through possible amounts of water and sugar, updating the DP table based on the maximum density obtained by adding more water or sugar.
  3) Track the optimal combination of water and sugar that results in the highest density.
Traps: Ensure that the DP table is initialized correctly and that the constraints on the amount of substances in the beaker are respected during updates."
pie_p03115_s101106284,"Bottleneck: The binary search loop is taking too long due to the large range of values (-3E17 to 3E17).
Strategy: Optimize the binary search by narrowing down the range more efficiently using properties of the problem.
Steps:
  1) Calculate the initial range based on the minimum and maximum x-coordinates of the lamps.
  2) Implement a more efficient binary search by adjusting the midpoint calculation to avoid unnecessary checks.
  3) Ensure that the binary search converges quickly by checking the parity of the number of lamps turned on within each iteration.
Traps: None"
pie_p00209_s840831229,"Bottleneck: The nested loops iterating over the entire `in` matrix multiple times to check for matches with the `pic` matrix, resulting in a time complexity of O(n^2 * m^2).
Strategy: Implement a sliding window approach to efficiently find the match without redundant checks.
Steps:
  1) Create a function `checkMatch` that takes the `in` matrix, `pic` matrix, and starting coordinates `(x, y)` as parameters. This function will return true if the `pic` matrix matches the corresponding submatrix of `in`.
  2) Iterate over the `in` matrix using a sliding window of size `m x m`. For each position `(i, j)`, call the `checkMatch` function.
  3) If a match is found, update the result with the minimum coordinates.
Traps: Ensure that the `checkMatch` function correctly handles the boundary conditions and does not access out-of-bounds elements of the `in` matrix."
pie_p00723_s145274604,"Bottleneck: The nested loops iterating over all possible split positions and generating permutations are causing high computational overhead.
Strategy: Implement a dynamic programming approach to avoid redundant calculations and reduce the number of permutations generated.
Steps:
  1) Create a DP table where dp[i][j] represents the number of unique configurations for a substring of length j starting from index i.
  2) Initialize the DP table with base cases for single-character substrings.
  3) Fill the DP table using the following recurrence relation:
     dp[i][j] = dp[i+1][j-1] * 2 + dp[i][j-2] * 2 + ... + dp[i][k] * 2 for k in range(i+1, j)
  4) For each cell dp[i][j], calculate the number of unique configurations by considering both reversed and non-reversed subtrains.
Traps: Ensure that the DP table is filled correctly and efficiently, avoiding unnecessary computations and memory usage."
pie_p00746_s632441558,"Bottleneck: The nested loops in the computation of the bounding box dimensions are causing the slowdown. Specifically, the innermost loop iterates over the entire 801x801 grid multiple times unnecessarily.
Strategy: Replace the nested loops with a more efficient approach that only checks the relevant cells.
Steps:
  1) Remove the nested loops and replace them with a single pass through the grid to find the minimum and maximum x and y coordinates of the occupied cells.
  2) Initialize variables `minX`, `maxX`, `minY`, and `maxY` to store the bounds of the occupied cells.
  3) Iterate through the grid once, updating these variables whenever an occupied cell is found.
Traps: Ensure that the initial values of `minX`, `maxX`, `minY`, and `maxY` are set correctly to avoid incorrect results. Also, make sure to handle the case where no cells are occupied."
pie_p02321_s961360389,"Bottleneck: The nested loops and use of `map` for storing intermediate results lead to high overhead due to repeated insertions and lookups.
Strategy: Replace the use of `map` with a more efficient data structure like a vector of vectors to store the maximum values directly.
Steps:
  1) Define a 2D vector `dp` where `dp[i][j]` represents the maximum value achievable with the first `i` items and a knapsack capacity of `j`.
  2) Initialize the `dp` table with zeros.
  3) Iterate through each item and update the `dp` table accordingly using the formula `dp[i][j] = max(dp[i-1][j], dp[i-1][j-w[i]] + v[i])` if `j >= w[i]`, otherwise `dp[i][j] = dp[i-1][j]`.
Traps: Ensure that the indices used in the `dp` table are within bounds and that the initial conditions are correctly set."
pie_p03670_s983612477,"Bottleneck: The nested loops iterating over the state space of possible paths are computationally expensive due to their exponential growth with respect to \( n \).
Strategy: Implement memoization to store intermediate results and avoid redundant calculations.
Steps:
  1) Introduce a memoization table `memo` to store the number of valid paths for each state `(i, mask)` where `i` is the current row and `mask` represents the visited columns.
  2) Modify the dynamic programming transition to use the memoization table instead of recalculating the number of valid paths for each state.
  3) Initialize the memoization table with base cases and update it iteratively for each row and column combination.
Traps: Ensure that the memoization table is properly initialized and updated to handle all edge cases, including when `C_i` specifies a specific direction for movement."
pie_p01341_s430604725,"Bottleneck: The nested loops in the `prim` function are causing the high runtime due to its O(V^2) complexity.
Strategy: Replace the nested loops with a priority queue to achieve O(E log V) complexity.
Steps:
  1) Change the `mincost` array to a priority queue.
  2) Remove the `used` array and replace it with a set to keep track of visited nodes.
  3) Update the `prim` function to use the priority queue for selecting the next node with the minimum cost.
Traps: Ensure that the priority queue implementation correctly handles floating-point comparisons to avoid precision issues."
pie_p01401_s673178272,"Bottleneck: The BFS implementation uses a 3D array `used` which leads to high memory usage and slower access times due to its large size.
Strategy: Replace the 3D array with a 2D array where each element stores a bitmask representing the state of the layers.
Steps:
  1) Define a new constant `MAX_LAYERS` to represent the maximum number of layers.
  2) Change the type of `used` from `bool[2500][105][105]` to `unsigned char[2500][105*105]`.
  3) Modify the `bfs` function to use bitwise operations to check and set layer states.
Traps: Ensure that the bitmask operations correctly handle the range of possible layer values."
pie_p02802_s842242043,"Bottleneck: The nested loops and use of `map` operations inside the loop result in high overhead due to frequent insertions and lookups.
Strategy: Use a vector of pairs to store the results and update them efficiently using a single pass through the input.
Steps:
  1) Declare a vector of pairs where each pair consists of a boolean indicating whether the problem has been solved and an integer representing the number of wrong attempts.
  2) Iterate through the submissions and update the vector accordingly.
  3) Calculate the number of correct answers and penalties based on the vector.
Traps: Ensure that the vector size is at least `N+1` to handle 1-based indexing of problems."
pie_p03475_s745363388,"Bottleneck: The nested loops in the `main` function result in a time complexity of O(n^2), which is too slow given the constraints.
Strategy: Optimize the nested loops by using dynamic programming to avoid redundant calculations.
Steps:
  1) Create a DP array `dp` where `dp[i]` represents the minimum time required to reach station `i`.
  2) Initialize `dp[1]` to 0 since we start at station 1 at time 0.
  3) Iterate through each station `i` from 2 to `n`, and for each station `j` from `i-1` to 1, update `dp[j]` based on the minimum time required to reach station `j` from station `j+1`.
Traps: Ensure that the initial conditions and transitions are correctly handled to maintain the same output as the original code."
pie_p03771_s758894826,"Bottleneck: The nested loops and use of `std::upper_bound` and `std::lower_bound` within the dynamic programming approach lead to high computational overhead.
Strategy: Optimize the dynamic programming table updates using a more efficient data structure and reduce redundant calculations.
Steps:
  1) Replace the use of `std::upper_bound` and `std::lower_bound` with binary search on a sorted array to find the next and previous positions efficiently.
  2) Implement a segment tree to maintain the maximum and minimum values in subarrays, allowing for faster range queries and updates.
  3) Use bit manipulation to efficiently manage the state transitions in the dynamic programming table.
Traps: Ensure that the segment tree operations are correctly implemented and do not introduce additional bugs. Verify that the bit manipulation logic accurately reflects the problem requirements."
pie_p03465_s528533862,"Bottleneck: The nested loops and bit manipulation operations are causing high computational overhead.
Strategy: Use a more efficient approach to calculate the sums of all non-empty subsequences and find the median without explicitly generating all subsequences.
Steps:
  1) Calculate the prefix sums of the array to efficiently compute the sum of any subsequence.
  2) Use a set to store the unique sums of subsequences in sorted order.
  3) Iterate through the set to find the median value.
Traps: Ensure that the set operations do not introduce additional complexity that affects performance."
pie_p02023_s458022091,"Bottleneck: The use of `map` for storing unique voltage levels and their indices is causing frequent logarithmic operations due to its internal red-black tree implementation.
Strategy: Replace the `map` with a sorted array to achieve linear-time access and insertion.
Steps:
  1) Create a sorted array to store unique voltage levels.
  2) Iterate through the input to populate this array, ensuring duplicates are removed.
  3) Use binary search to find the index of each voltage level in the sorted array.
Traps: Ensure that the sorted array is large enough to accommodate all possible voltage levels without overflow."
